function m = mar_map()

m = [1,0,0;1,0,0;1,0,0;1,0,0;1,0,0;1,0,0;1,0,0;1,0,0;1,0,0;1,0,0;1,0,0;1,0,0;1,0,0;1,0,0;1,0,0;1,0,0;1,0,0;1,0,0;1,0,0;1,0,0;1,0,0;1,0,0;1,0,0;1,0,0;1,0,0;1,0,0;1,0,0;1,0,0;1,0,0;1,0,0;1,0,0;1,0,0;1,0,0;1,0,0;1,0,0;1,0,0;1,0,0;1,0,0;1,0,0;1,0,0;1,0,0;1,0,0;1,0,0;1,0,0;1,0,0;1,0,0;1,0,0;1,0,0;1,0,0;1,0,0;1,0,0;1,0,0;1,0,0;1,0,0;1,0,0;1,0,0;1,0,0;1,0,0;1,0,0;1,0,0;1,0,0;1,0,0;1,0,0;1,0,0;1,0.00392156862745098,0.00392156862745098;1,0.0196078431372549,0.0196078431372549;1,0.0352941176470588,0.0352941176470588;1,0.0509803921568627,0.0509803921568627;1,0.0666666666666667,0.0666666666666667;1,0.0823529411764706,0.0823529411764706;1,0.0980392156862745,0.0980392156862745;1,0.113725490196078,0.113725490196078;1,0.129411764705882,0.129411764705882;1,0.145098039215686,0.145098039215686;1,0.160784313725490,0.160784313725490;1,0.176470588235294,0.176470588235294;1,0.192156862745098,0.192156862745098;1,0.207843137254902,0.207843137254902;1,0.223529411764706,0.223529411764706;1,0.239215686274510,0.239215686274510;1,0.254901960784314,0.254901960784314;1,0.270588235294118,0.270588235294118;1,0.286274509803922,0.286274509803922;1,0.301960784313725,0.301960784313725;1,0.317647058823529,0.317647058823529;1,0.333333333333333,0.333333333333333;1,0.349019607843137,0.349019607843137;1,0.364705882352941,0.364705882352941;1,0.380392156862745,0.380392156862745;1,0.396078431372549,0.396078431372549;1,0.411764705882353,0.411764705882353;1,0.427450980392157,0.427450980392157;1,0.443137254901961,0.443137254901961;1,0.458823529411765,0.458823529411765;1,0.474509803921569,0.474509803921569;1,0.490196078431373,0.490196078431373;1,0.505882352941176,0.505882352941176;1,0.521568627450980,0.521568627450980;1,0.537254901960784,0.537254901960784;1,0.552941176470588,0.552941176470588;1,0.568627450980392,0.568627450980392;1,0.584313725490196,0.584313725490196;1,0.600000000000000,0.600000000000000;1,0.615686274509804,0.615686274509804;1,0.631372549019608,0.631372549019608;1,0.647058823529412,0.647058823529412;1,0.666666666666667,0.662745098039216;1,0.682352941176471,0.678431372549020;1,0.698039215686275,0.694117647058824;1,0.713725490196078,0.709803921568628;1,0.729411764705882,0.725490196078431;1,0.745098039215686,0.741176470588235;1,0.760784313725490,0.756862745098039;1,0.776470588235294,0.772549019607843;1,0.792156862745098,0.788235294117647;1,0.807843137254902,0.803921568627451;1,0.823529411764706,0.819607843137255;1,0.839215686274510,0.835294117647059;1,0.854901960784314,0.850980392156863;1,0.870588235294118,0.866666666666667;1,0.886274509803922,0.882352941176471;1,0.901960784313726,0.898039215686275;1,0.917647058823529,0.913725490196078;1,0.933333333333333,0.929411764705882;1,0.949019607843137,0.945098039215686;1,0.964705882352941,0.960784313725490;1,0.980392156862745,0.976470588235294;1,0.996078431372549,0.992156862745098;0.996078431372549,0.996078431372549,1;0.980392156862745,0.980392156862745,1;0.964705882352941,0.964705882352941,1;0.949019607843137,0.949019607843137,1;0.933333333333333,0.933333333333333,1;0.917647058823529,0.917647058823529,1;0.901960784313726,0.901960784313726,1;0.886274509803922,0.886274509803922,1;0.870588235294118,0.870588235294118,1;0.854901960784314,0.854901960784314,1;0.839215686274510,0.839215686274510,1;0.823529411764706,0.823529411764706,1;0.807843137254902,0.807843137254902,1;0.792156862745098,0.792156862745098,1;0.776470588235294,0.776470588235294,1;0.760784313725490,0.760784313725490,1;0.745098039215686,0.745098039215686,1;0.729411764705882,0.729411764705882,1;0.713725490196078,0.713725490196078,1;0.698039215686275,0.698039215686275,1;0.682352941176471,0.682352941176471,1;0.666666666666667,0.666666666666667,1;0.650980392156863,0.650980392156863,1;0.631372549019608,0.631372549019608,1;0.615686274509804,0.615686274509804,1;0.600000000000000,0.600000000000000,1;0.584313725490196,0.584313725490196,1;0.568627450980392,0.568627450980392,1;0.552941176470588,0.552941176470588,1;0.537254901960784,0.537254901960784,1;0.521568627450980,0.521568627450980,1;0.505882352941176,0.505882352941176,1;0.490196078431373,0.490196078431373,1;0.474509803921569,0.474509803921569,1;0.458823529411765,0.458823529411765,1;0.443137254901961,0.443137254901961,1;0.427450980392157,0.427450980392157,1;0.411764705882353,0.411764705882353,1;0.396078431372549,0.396078431372549,1;0.380392156862745,0.380392156862745,1;0.364705882352941,0.364705882352941,1;0.349019607843137,0.349019607843137,1;0.333333333333333,0.333333333333333,1;0.317647058823529,0.317647058823529,1;0.301960784313725,0.301960784313725,1;0.286274509803922,0.286274509803922,1;0.270588235294118,0.270588235294118,1;0.254901960784314,0.254901960784314,1;0.239215686274510,0.239215686274510,1;0.223529411764706,0.223529411764706,1;0.207843137254902,0.207843137254902,1;0.192156862745098,0.192156862745098,1;0.176470588235294,0.176470588235294,1;0.160784313725490,0.160784313725490,1;0.145098039215686,0.145098039215686,1;0.129411764705882,0.129411764705882,1;0.113725490196078,0.113725490196078,1;0.0980392156862745,0.0980392156862745,1;0.0823529411764706,0.0823529411764706,1;0.0666666666666667,0.0666666666666667,1;0.0509803921568627,0.0509803921568627,1;0.0352941176470588,0.0352941176470588,1;0.0196078431372549,0.0196078431372549,1;0.00392156862745098,0.00392156862745098,1;0,0,1;0,0,1;0,0,1;0,0,1;0,0,1;0,0,1;0,0,1;0,0,1;0,0,1;0,0,1;0,0,1;0,0,1;0,0,1;0,0,1;0,0,1;0,0,1;0,0,1;0,0,1;0,0,1;0,0,1;0,0,1;0,0,1;0,0,1;0,0,1;0,0,1;0,0,1;0,0,1;0,0,1;0,0,1;0,0,1;0,0,1;0,0,1;0,0,1;0,0,1;0,0,1;0,0,1;0,0,1;0,0,1;0,0,1;0,0,1;0,0,1;0,0,1;0,0,1;0,0,1;0,0,1;0,0,1;0,0,1;0,0,1;0,0,1;0,0,1;0,0,1;0,0,1;0,0,1;0,0,1;0,0,1;0,0,1;0,0,1;0,0,1;0,0,1;0,0,1;0,0,1;0,0,1;0,0,1;0,0,1];